{
 "cells": [
  {
   "cell_type": "code",
   "execution_count": 1,
   "id": "8a2e64ef-cd4f-49d9-a0c4-360cf0f961ca",
   "metadata": {},
   "outputs": [],
   "source": [
    "from pyspark import SparkConf\n",
    "from pyspark import SparkContext\n",
    "from pyspark.sql import SparkSession\n",
    "from pyspark.sql import Row\n",
    "from pyspark.sql.functions import col, from_json, substring, when, length, split, lit\n",
    "from pyspark.sql.types import StructType, StructField, StringType\n",
    "from pyspark import StorageLevel"
   ]
  },
  {
   "cell_type": "code",
   "execution_count": 6,
   "id": "9f93a4ad-1ee3-4f0d-bb13-1c772ee4010a",
   "metadata": {},
   "outputs": [],
   "source": [
    "# Nomes de aquivos e pastas\n",
    "csv_pj = 'dataset/empresas_estabelecimentos_1m.csv'\n",
    "parquet_dir_name = 'output/embeddings_nome_1m'\n",
    "investigaCEP='13560'"
   ]
  },
  {
   "cell_type": "code",
   "execution_count": 3,
   "id": "49047807-7130-4195-97ad-bff15495b11a",
   "metadata": {},
   "outputs": [
    {
     "name": "stderr",
     "output_type": "stream",
     "text": [
      "23/12/08 17:10:27 WARN SparkSession: Using an existing Spark session; only runtime SQL configurations will take effect.\n"
     ]
    }
   ],
   "source": [
    "spark = SparkSession.builder \\\n",
    "        .config(\"spark.driver.memory\", \"128g\") \\\n",
    "        .appName(\"gera_embedding_nome\") \\\n",
    "        .getOrCreate()"
   ]
  },
  {
   "cell_type": "code",
   "execution_count": 4,
   "id": "f24e8740-b710-48b3-b3a1-f60d84927c88",
   "metadata": {},
   "outputs": [],
   "source": [
    "# Schema para Json Empresa\n",
    "json_schema_em = StructType([\n",
    "    StructField(\"porteEmpresa\", StringType(), True),\n",
    "    StructField(\"capitalSocial\", StringType(), True),\n",
    "    StructField(\"cpfResponsavel\", StringType(), True),\n",
    "    StructField(\"nomeEmpresarial\", StringType(), True),\n",
    "    StructField(\"naturezaJuridica\", StringType(), True),\n",
    "    StructField(\"qualificacaoResponsavel\", StringType(), True)\n",
    "])\n",
    "\n",
    "# Schema para Json Estabelecimento\n",
    "json_schema_es = StructType([\n",
    "    StructField(\"uf\", StringType(), True),\n",
    "    StructField(\"cep\", StringType(), True),\n",
    "    StructField(\"ddd1\", StringType(), True),\n",
    "    StructField(\"ddd2\", StringType(), True),\n",
    "    StructField(\"pais\", StringType(), True),\n",
    "    StructField(\"email\", StringType(), True),\n",
    "    StructField(\"bairro\", StringType(), True),\n",
    "    StructField(\"numero\", StringType(), True),\n",
    "    StructField(\"municipio\", StringType(), True),\n",
    "    StructField(\"telefone1\", StringType(), True),\n",
    "    StructField(\"telefone2\", StringType(), True),\n",
    "    StructField(\"cnaeFiscal\", StringType(), True),\n",
    "    StructField(\"logradouro\", StringType(), True),\n",
    "    StructField(\"complemento\", StringType(), True),\n",
    "    StructField(\"dataCadastro\", StringType(), True),\n",
    "    StructField(\"nomeFantasia\", StringType(), True),\n",
    "    StructField(\"cidadeExterior\", StringType(), True),\n",
    "    StructField(\"tipoLogradouro\", StringType(), True),\n",
    "    StructField(\"cnaesSecundarias\", StringType(), True),\n",
    "    StructField(\"situacaoEspecial\", StringType(), True),\n",
    "    StructField(\"situacaoCadastral\", StringType(), True),\n",
    "    StructField(\"dataSituacaoEspecial\", StringType(), True),\n",
    "    StructField(\"dataSituacaoCadastral\", StringType(), True),\n",
    "    StructField(\"motivoSituacaoCadastral\", StringType(), True),\n",
    "    StructField(\"identificadorMatrizFilial\", StringType(), True)\n",
    "])\n",
    "\n",
    "# Definindo o esquema para leitura do CSV\n",
    "schema = StructType([\n",
    "    StructField(\"nu_cnpj_raiz\", StringType(), True),\n",
    "    StructField(\"te_dados_em\", StringType(), True),\n",
    "    StructField(\"id_estabelecimento\", StringType(), True),\n",
    "    StructField(\"te_dados_es\", StringType(), True)\n",
    "])\n",
    "\n",
    "# Lendo o CSV com o esquema definido\n",
    "pj = spark.read \\\n",
    "    .option(\"delimiter\", \",\") \\\n",
    "    .option(\"multiline\", \"true\") \\\n",
    "    .option(\"escape\", \"\\\"\") \\\n",
    "    .csv(csv_pj, schema=schema, header=True)\n",
    "\n",
    "pj = pj.withColumn(\"te_dados_em\", from_json(col(\"te_dados_em\"), json_schema_em)) \\\n",
    "      .withColumn(\"te_dados_es\", from_json(col(\"te_dados_es\"), json_schema_es)) \\\n",
    "      .filter(substring(col(\"id_estabelecimento\"), 0, 4) == '0001') \\\n",
    "      .withColumnRenamed(\"nu_cnpj_raiz\", \"id\")\n",
    "\n",
    "pj = pj.orderBy(col(\"id\").asc()).dropDuplicates(['id'])"
   ]
  },
  {
   "cell_type": "code",
   "execution_count": 5,
   "id": "bfda0ede-de6e-40eb-a663-c6ec4725485b",
   "metadata": {},
   "outputs": [
    {
     "name": "stderr",
     "output_type": "stream",
     "text": [
      "                                                                                \r"
     ]
    }
   ],
   "source": [
    "# Carrega embeddings\n",
    "nomes_pj = spark.read.parquet(parquet_dir_name)"
   ]
  },
  {
   "cell_type": "code",
   "execution_count": 14,
   "id": "e89836d5-385a-409a-8d88-3469d2cdbe28",
   "metadata": {},
   "outputs": [
    {
     "name": "stderr",
     "output_type": "stream",
     "text": [
      "                                                                                \r"
     ]
    },
    {
     "name": "stdout",
     "output_type": "stream",
     "text": [
      "+--------+--------------------+--------------------+\n",
      "|      id|        nomeFantasia|          embeddings|\n",
      "+--------+--------------------+--------------------+\n",
      "|03972238|             FUTURIA|[0.07478653, 0.32...|\n",
      "|03721558|            DI GASPI|[-0.1226381, 0.20...|\n",
      "|03729244|         C F C PATUM|[-0.07220966, 0.0...|\n",
      "|03561528|ALFA IMOVEIS SAO ...|[-0.036208127, 0....|\n",
      "|03562381|        GHANDI SECAF|[-0.14631335, 0.3...|\n",
      "|03991159|                 3WT|[0.33141822, -0.2...|\n",
      "|03991594|DEIENNO E FERRAZ ...|[-0.12413079, 0.1...|\n",
      "|04002857|     AQUARELA TINTAS|[-0.015137672, -0...|\n",
      "|04003540|COMERCIAL NOVA GE...|[0.002041091, 0.0...|\n",
      "|03518530|   RELOJOARIA SUISSA|[0.15033743, -0.0...|\n",
      "|04093078|    SISTEMA SERVICOS|[-0.17938979, -0....|\n",
      "|03745321|     CRIANCA ARTEIRA|[0.051747646, -0....|\n",
      "|03756907|        EURO IDIOMAS|[-0.1323092, 0.09...|\n",
      "|03758184|              LANA'S|[-0.0386058, -0.2...|\n",
      "|03578313| AVALIACAO CAMISETAS|[0.07126883, -0.0...|\n",
      "|03567802|               VERBO|[0.211128, 0.0017...|\n",
      "|03488619|   GASPAR ELETRONICA|[-0.1978275, 0.32...|\n",
      "|03353590|LTZ COMERCIO E RE...|[-0.17705512, 0.2...|\n",
      "|04033386|          INFORMAQUI|[0.095527485, 0.1...|\n",
      "|04045929|        CALDO QUENTE|[0.09103385, 0.16...|\n",
      "+--------+--------------------+--------------------+\n",
      "only showing top 20 rows\n",
      "\n"
     ]
    }
   ],
   "source": [
    "cnpjs_filtrados = pj \\\n",
    "    .filter(col(\"te_dados_es.cep\").startswith(investigaCEP)) \\\n",
    "    .filter(col(\"te_dados_es.situacaoCadastral\") == '02') \\\n",
    "    .select(col(\"id\"))\n",
    "\n",
    "# Filtrando 'nomes_pj' com base nos CNPJs filtrados\n",
    "nomes_filtrados = nomes_pj.join(cnpjs_filtrados, nomes_pj[\"id\"] == pj[\"id\"], \"inner\") \\\n",
    "                          .select(nomes_pj[\"id\"], nomes_pj[\"nomeFantasia\"],  nomes_pj[\"embeddings\"])\n",
    "nomes_filtrados.persist(StorageLevel.MEMORY_AND_DISK)\n",
    "nomes_filtrados.show()"
   ]
  },
  {
   "cell_type": "code",
   "execution_count": 15,
   "id": "7d0b1179-ba81-4c94-bee6-1e7641f955ab",
   "metadata": {},
   "outputs": [
    {
     "name": "stdout",
     "output_type": "stream",
     "text": [
      "27\n"
     ]
    }
   ],
   "source": [
    "print(nomes_filtrados.count())"
   ]
  },
  {
   "cell_type": "code",
   "execution_count": 16,
   "id": "596efd21-8c2a-49ab-b1c0-8b32ee975960",
   "metadata": {},
   "outputs": [
    {
     "name": "stdout",
     "output_type": "stream",
     "text": [
      "[[ 1.          0.63830178  0.33121197  0.41418471  0.55043923  0.42037281\n",
      "   0.46366204  0.44814491  0.56184434  0.60643616  0.38295509  0.58856781\n",
      "   0.3513128   0.59828593  0.60381072  0.66343167  0.37965942  0.42675753\n",
      "   0.66712712  0.6839123   0.12074141  0.32528407  0.28533634  0.18841135\n",
      "   0.36029423  0.66880226  0.11978197]\n",
      " [ 0.63830178  1.          0.40250034  0.53675106  0.54328778  0.40655197\n",
      "   0.55690151  0.51981418  0.5932703   0.59689382  0.4275005   0.64424239\n",
      "   0.35394731  0.55956338  0.66840357  0.62928907  0.73744073  0.53646216\n",
      "   0.65847956  0.78252689  0.26705807  0.43314385  0.45659127  0.22436916\n",
      "   0.38601003  0.62995559  0.14185768]\n",
      " [ 0.33121197  0.40250034  1.          0.29235817  0.32632928  0.31032027\n",
      "   0.39913941  0.42853689  0.40528827  0.32495192  0.31851793  0.40839061\n",
      "   0.25990658  0.3332358   0.46348693  0.34058921  0.35803962  0.39733986\n",
      "   0.40006131  0.44109944  0.09555294  0.4179663   0.38513646  0.15294017\n",
      "   0.28457617  0.44340227  0.1721911 ]\n",
      " [ 0.41418471  0.53675106  0.29235817  1.          0.44693963  0.19945286\n",
      "   0.71598235  0.37195801  0.44272942  0.59258493  0.25507272  0.60402512\n",
      "   0.29186889  0.49766603  0.66938785  0.44299913  0.32523404  0.60386424\n",
      "   0.42073936  0.65727841  0.42782311  0.49747481  0.20541945  0.21463451\n",
      "   0.36239051  0.4567829   0.07694648]\n",
      " [ 0.55043923  0.54328778  0.32632928  0.44693963  1.          0.26557409\n",
      "   0.46673092  0.4582539   0.47591141  0.55027457  0.35259514  0.51983121\n",
      "   0.33861863  0.46072647  0.60347291  0.52950317  0.38607612  0.42722324\n",
      "   0.5620283   0.66314473  0.31690004  0.35908573  0.29810479  0.46783216\n",
      "   0.30022706  0.56154774  0.1301746 ]\n",
      " [ 0.42037281  0.40655197  0.31032027  0.19945286  0.26557409  1.\n",
      "   0.23911104  0.39362895  0.33608833  0.30183301  0.33156044  0.32237682\n",
      "   0.19598488  0.31121889  0.34197479  0.37208761  0.31888644  0.28253937\n",
      "   0.50081888  0.4423874  -0.01173835  0.25070707  0.33099593  0.15577311\n",
      "   0.21017174  0.43762353  0.10236604]\n",
      " [ 0.46366204  0.55690151  0.39913941  0.71598235  0.46673092  0.23911104\n",
      "   1.          0.42170234  0.56919082  0.55788857  0.36956217  0.60050459\n",
      "   0.49580446  0.47848378  0.64873732  0.46350479  0.35760137  0.6666342\n",
      "   0.49577768  0.61794028  0.24632393  0.52264069  0.29893459  0.29867162\n",
      "   0.37460368  0.49630795  0.11682281]\n",
      " [ 0.44814491  0.51981418  0.42853689  0.37195801  0.4582539   0.39362895\n",
      "   0.42170234  1.          0.54197289  0.57576914  0.34528388  0.64991746\n",
      "   0.24046559  0.54007122  0.69273208  0.4665642   0.37348412  0.44395014\n",
      "   0.49998539  0.567111    0.12439466  0.41614544  0.43339913  0.23864238\n",
      "   0.22923182  0.56238641  0.10799215]\n",
      " [ 0.56184434  0.5932703   0.40528827  0.44272942  0.47591141  0.33608833\n",
      "   0.56919082  0.54197289  1.          0.55473896  0.34492378  0.56435157\n",
      "   0.31480859  0.48778515  0.65012193  0.44989437  0.45889211  0.75556747\n",
      "   0.50119468  0.59095547  0.23991745  0.46141885  0.3624551   0.22762004\n",
      "   0.40538783  0.57180847  0.19807727]\n",
      " [ 0.60643616  0.59689382  0.32495192  0.59258493  0.55027457  0.30183301\n",
      "   0.55788857  0.57576914  0.55473896  1.          0.35708558  0.79694394\n",
      "   0.30405941  0.68580597  0.73412812  0.5016052   0.33577342  0.56651152\n",
      "   0.52524806  0.66465785  0.23042702  0.38219884  0.26254879  0.25714853\n",
      "   0.44438559  0.57938385  0.11067993]\n",
      " [ 0.38295509  0.4275005   0.31851793  0.25507272  0.35259514  0.33156044\n",
      "   0.36956217  0.34528388  0.34492378  0.35708558  1.          0.35422395\n",
      "   0.28049529  0.41210756  0.42891146  0.42769577  0.31221898  0.33049488\n",
      "   0.60769435  0.46952081  0.0911243   0.47352113  0.19636792  0.40183069\n",
      "   0.55572522  0.43582228  0.2184514 ]\n",
      " [ 0.58856781  0.64424239  0.40839061  0.60402512  0.51983121  0.32237682\n",
      "   0.60050459  0.64991746  0.56435157  0.79694394  0.35422395  1.\n",
      "   0.34480904  0.66233018  0.82739105  0.52029067  0.39138414  0.48440277\n",
      "   0.56230346  0.65910521  0.25790825  0.46180136  0.31673248  0.32160059\n",
      "   0.33878261  0.60619617  0.12962751]\n",
      " [ 0.3513128   0.35394731  0.25990658  0.29186889  0.33861863  0.19598488\n",
      "   0.49580446  0.24046559  0.31480859  0.30405941  0.28049529  0.34480904\n",
      "   1.          0.32099921  0.36812529  0.28398062  0.26551012  0.30626683\n",
      "   0.4306378   0.39000783  0.11278713  0.33307971  0.15999938  0.1586243\n",
      "   0.33153877  0.34981928  0.05434732]\n",
      " [ 0.59828593  0.55956338  0.3332358   0.49766603  0.46072647  0.31121889\n",
      "   0.47848378  0.54007122  0.48778515  0.68580597  0.41210756  0.66233018\n",
      "   0.32099921  1.          0.6760048   0.56473943  0.35213089  0.43781622\n",
      "   0.52808449  0.62030567  0.21432883  0.41679414  0.2269135   0.25105005\n",
      "   0.43573782  0.60166602  0.03886227]\n",
      " [ 0.60381072  0.66840357  0.46348693  0.66938785  0.60347291  0.34197479\n",
      "   0.64873732  0.69273208  0.65012193  0.73412812  0.42891146  0.82739105\n",
      "   0.36812529  0.6760048   1.          0.54391689  0.46370183  0.60479375\n",
      "   0.59566473  0.71165554  0.29142423  0.58593207  0.39486181  0.31588739\n",
      "   0.41750664  0.74172932  0.15887198]\n",
      " [ 0.66343167  0.62928907  0.34058921  0.44299913  0.52950317  0.37208761\n",
      "   0.46350479  0.4665642   0.44989437  0.5016052   0.42769577  0.52029067\n",
      "   0.28398062  0.56473943  0.54391689  1.          0.3552174   0.41445733\n",
      "   0.65882888  0.76927338  0.15747955  0.40084998  0.20849198  0.23211985\n",
      "   0.31384197  0.60749183  0.06491867]\n",
      " [ 0.37965942  0.73744073  0.35803962  0.32523404  0.38607612  0.31888644\n",
      "   0.35760137  0.37348412  0.45889211  0.33577342  0.31221898  0.39138414\n",
      "   0.26551012  0.35213089  0.46370183  0.3552174   1.          0.43136378\n",
      "   0.46488091  0.480733    0.19581907  0.33515098  0.50932149  0.1488107\n",
      "   0.29305153  0.4088264   0.0297815 ]\n",
      " [ 0.42675753  0.53646216  0.39733986  0.60386424  0.42722324  0.28253937\n",
      "   0.6666342   0.44395014  0.75556747  0.56651152  0.33049488  0.48440277\n",
      "   0.30626683  0.43781622  0.60479375  0.41445733  0.43136378  1.\n",
      "   0.43458544  0.62792993  0.26706326  0.55376873  0.34705937  0.23070731\n",
      "   0.42682179  0.45246867  0.26162998]\n",
      " [ 0.66712712  0.65847956  0.40006131  0.42073936  0.5620283   0.50081888\n",
      "   0.49577768  0.49998539  0.50119468  0.52524806  0.60769435  0.56230346\n",
      "   0.4306378   0.52808449  0.59566473  0.65882888  0.46488091  0.43458544\n",
      "   1.          0.74701531  0.12786032  0.41520144  0.26879422  0.39159715\n",
      "   0.42056066  0.64137632  0.14715336]\n",
      " [ 0.6839123   0.78252689  0.44109944  0.65727841  0.66314473  0.4423874\n",
      "   0.61794028  0.567111    0.59095547  0.66465785  0.46952081  0.65910521\n",
      "   0.39000783  0.62030567  0.71165554  0.76927338  0.480733    0.62792993\n",
      "   0.74701531  1.          0.2954701   0.52359215  0.37054919  0.31987318\n",
      "   0.45895065  0.69139981  0.18759338]\n",
      " [ 0.12074141  0.26705807  0.09555294  0.42782311  0.31690004 -0.01173835\n",
      "   0.24632393  0.12439466  0.23991745  0.23042702  0.0911243   0.25790825\n",
      "   0.11278713  0.21432883  0.29142423  0.15747955  0.19581907  0.26706326\n",
      "   0.12786032  0.2954701   1.          0.43621268  0.07317798  0.14804909\n",
      "   0.15609387  0.10894797  0.08354911]\n",
      " [ 0.32528407  0.43314385  0.4179663   0.49747481  0.35908573  0.25070707\n",
      "   0.52264069  0.41614544  0.46141885  0.38219884  0.47352113  0.46180136\n",
      "   0.33307971  0.41679414  0.58593207  0.40084998  0.33515098  0.55376873\n",
      "   0.41520144  0.52359215  0.43621268  1.          0.33249693  0.34048477\n",
      "   0.41783206  0.41015252  0.19074364]\n",
      " [ 0.28533634  0.45659127  0.38513646  0.20541945  0.29810479  0.33099593\n",
      "   0.29893459  0.43339913  0.3624551   0.26254879  0.19636792  0.31673248\n",
      "   0.15999938  0.2269135   0.39486181  0.20849198  0.50932149  0.34705937\n",
      "   0.26879422  0.37054919  0.07317798  0.33249693  1.          0.09262047\n",
      "   0.20509534  0.35344818  0.10405915]\n",
      " [ 0.18841135  0.22436916  0.15294017  0.21463451  0.46783216  0.15577311\n",
      "   0.29867162  0.23864238  0.22762004  0.25714853  0.40183069  0.32160059\n",
      "   0.1586243   0.25105005  0.31588739  0.23211985  0.1488107   0.23070731\n",
      "   0.39159715  0.31987318  0.14804909  0.34048477  0.09262047  1.\n",
      "   0.15936874  0.19913095  0.1475156 ]\n",
      " [ 0.36029423  0.38601003  0.28457617  0.36239051  0.30022706  0.21017174\n",
      "   0.37460368  0.22923182  0.40538783  0.44438559  0.55572522  0.33878261\n",
      "   0.33153877  0.43573782  0.41750664  0.31384197  0.29305153  0.42682179\n",
      "   0.42056066  0.45895065  0.15609387  0.41783206  0.20509534  0.15936874\n",
      "   1.          0.41798996  0.25087543]\n",
      " [ 0.66880226  0.62995559  0.44340227  0.4567829   0.56154774  0.43762353\n",
      "   0.49630795  0.56238641  0.57180847  0.57938385  0.43582228  0.60619617\n",
      "   0.34981928  0.60166602  0.74172932  0.60749183  0.4088264   0.45246867\n",
      "   0.64137632  0.69139981  0.10894797  0.41015252  0.35344818  0.19913095\n",
      "   0.41798996  1.          0.16005531]\n",
      " [ 0.11978197  0.14185768  0.1721911   0.07694648  0.1301746   0.10236604\n",
      "   0.11682281  0.10799215  0.19807727  0.11067993  0.2184514   0.12962751\n",
      "   0.05434732  0.03886227  0.15887198  0.06491867  0.0297815   0.26162998\n",
      "   0.14715336  0.18759338  0.08354911  0.19074364  0.10405915  0.1475156\n",
      "   0.25087543  0.16005531  1.        ]]\n"
     ]
    }
   ],
   "source": [
    "from sklearn.metrics.pairwise import cosine_similarity\n",
    "import numpy as np\n",
    "\n",
    "# Converter os embeddings para um formato compatível com o cosine_similarity\n",
    "embeddings = np.array(nomes_filtrados.select(\"embeddings\").collect())\n",
    "embeddings =  np.vstack(embeddings)\n",
    "# print(embeddings)\n",
    "# Calcular a matriz de similaridade usando cosine_similarity\n",
    "matriz_similaridade = cosine_similarity(embeddings, embeddings)\n",
    "\n",
    "# Imprimir a matriz de similaridade\n",
    "print(matriz_similaridade)"
   ]
  },
  {
   "cell_type": "code",
   "execution_count": 17,
   "id": "dca3ea92-4e11-47a9-8e27-a8ebcdef2c48",
   "metadata": {},
   "outputs": [],
   "source": [
    "inter_x = 0\n",
    "inter_y = 27\n",
    "nova_matriz_similaridade = matriz_similaridade[inter_x:inter_y, inter_x:inter_y]"
   ]
  },
  {
   "cell_type": "code",
   "execution_count": 18,
   "id": "a4c96847-4b6e-4724-8e2d-764ba376634c",
   "metadata": {},
   "outputs": [
    {
     "name": "stderr",
     "output_type": "stream",
     "text": [
      "                                                                                \r"
     ]
    },
    {
     "data": {
